baseline: 1000 0.896560941
A: 2000 0.900990916
B: 3000 0.900039639
C: 4000 0.894733816
D: 5000 0.896727792
E: 6000 0.895426019
